ncpu        =          8
ndim        =          3
levelmin    =          4
levelmax    =          6
ngridmax    =    3125000
nstep_coarse=        506

boxlen      =  0.100000000000000E+01
time        =  0.100244829833066E+00
aexp        =  0.100000000000000E+01
H0          =  0.100000000000000E+01
omega_m     =  0.100000000000000E+01
omega_l     =  0.000000000000000E+00
omega_k     =  0.000000000000000E+00
omega_b     =  0.450000017881393E-01
unit_l      =  0.308570000000000E+22
unit_d      =  0.166000000000000E-23
unit_t      =  0.315570000000000E+14

ordering type=hilbert                                                                         
   DOMAIN   ind_min                 ind_max
       1   0.000000000000000E+00   0.262304000000000E+06
       2   0.262304000000000E+06   0.524560000000000E+06
       3   0.524560000000000E+06   0.786720000000000E+06
       4   0.786720000000000E+06   0.104908000000000E+07
       5   0.104908000000000E+07   0.131126400000000E+07
       6   0.131126400000000E+07   0.157313600000000E+07
       7   0.157313600000000E+07   0.183499200000000E+07
       8   0.183499200000000E+07   0.209715200000000E+07
